Standard deviations (1, .., p=23):
 [1] 2.8339465 1.9554187 1.4284452 1.2067007 1.1614114 0.9489905 0.8332837 0.7874160
 [9] 0.7179685 0.7099102 0.6838960 0.6164066 0.5806433 0.5730031 0.5080382 0.4904019
[17] 0.4588761 0.4390211 0.4237458 0.3840949 0.3615770 0.3529147 0.2603387

Rotation (n x k) = (23 x 23):
                       PC1         PC2          PC3         PC4           PC5
Energy_kcal   -0.150119339  0.03047658 -0.572347164  0.03720951 -0.1300071562
Protein_g     -0.256891877 -0.23956295 -0.074343514 -0.13216424  0.0829129321
Fat_g         -0.114979685 -0.13779409 -0.514463478  0.09907892 -0.2876639795
Carb_g        -0.001380964  0.44380042 -0.206019325 -0.02732854  0.1386759983
Sugar_g        0.038926437  0.33505010 -0.209678259  0.26909736  0.0826553676
Fiber_g       -0.036329846  0.41088122 -0.106598968 -0.15359432  0.1091013463
VitA_mcg      -0.097345439  0.10660699  0.203189743  0.48877866 -0.2618450669
VitB6_mg      -0.283511886 -0.02655210  0.141900580  0.14246027  0.1192365504
VitB12_mcg    -0.203899790 -0.27526006  0.084118694  0.30352155  0.0374386186
VitC_mg        0.012087581  0.25936861  0.342396296  0.28084634 -0.0205875942
VitE_mg       -0.097376183  0.08356709 -0.099593123  0.28104808 -0.5376727790
Folate_mcg    -0.201849840  0.22614338  0.159748012  0.04688215 -0.0639547014
Niacin_mg     -0.294338566 -0.07174708 -0.013030432  0.08395463  0.2542373693
Riboflavin_mg -0.292815483  0.02655692  0.005659743  0.20273016  0.2239976576
Thiamin_mg    -0.263032729  0.12527291 -0.091912597  0.07042156  0.2979572289
Calcium_mg    -0.148573035  0.20941005  0.029124181  0.04827423 -0.1320770485
Copper_mcg    -0.232833074  0.08506843  0.198123232 -0.26595095 -0.2952995299
Iron_mg       -0.255886779  0.12391727 -0.065127069  0.01043852  0.2366658451
Magnesium_mg  -0.270882614  0.15129064  0.058650490 -0.27368020 -0.0908521013
Manganese_mg  -0.145469225  0.24154482  0.127315583 -0.36836763 -0.2777560651
Phosphorus_mg -0.299277691 -0.06047325 -0.034577676 -0.14023650 -0.0221377694
Selenium_mcg  -0.240638848 -0.20580229  0.088748618 -0.05711588 -0.1660705622
Zinc_mg       -0.297107939 -0.12721240  0.039524541 -0.05825884  0.0001702177
                       PC6         PC7          PC8         PC9         PC10
Energy_kcal    0.013597054 -0.20414896  0.064112862 -0.22977405  0.025574283
Protein_g     -0.170318979  0.08203321  0.062011339  0.02276711 -0.047656439
Fat_g         -0.025144824 -0.23261196  0.284779667 -0.10197585  0.009583428
Carb_g        -0.064712958 -0.06044864 -0.218325808 -0.08572196  0.067217023
Sugar_g       -0.034765399  0.38230598 -0.431924967 -0.32030445  0.221988922
Fiber_g        0.100135779  0.08591696  0.099976830  0.26498396 -0.069061519
VitA_mcg      -0.248453391 -0.45203143 -0.161848641  0.29220797  0.236406037
VitB6_mg       0.225936148  0.12909615  0.128328411  0.09802440  0.103511231
VitB12_mcg    -0.099104751  0.02770530 -0.158119481 -0.21539323 -0.034235901
VitC_mg        0.063738054  0.01767446  0.566429650 -0.46397303  0.146679172
VitE_mg        0.403807959  0.43187111  0.062923466  0.29124415 -0.127992739
Folate_mcg     0.151374053 -0.21032348 -0.173649012 -0.15235113 -0.699563382
Niacin_mg      0.245913029 -0.01768198  0.037591338  0.14848339  0.116202679
Riboflavin_mg -0.028836323 -0.10548560 -0.091449704  0.09111186  0.101814996
Thiamin_mg     0.173167016 -0.13803638  0.012095009  0.20877730  0.056522576
Calcium_mg    -0.700849096  0.26772761  0.167274371  0.16789846 -0.242519820
Copper_mcg     0.045443030 -0.10704515 -0.133125061 -0.30526160  0.195679996
Iron_mg       -0.062112253 -0.07567744  0.183659700 -0.10377658 -0.295779827
Magnesium_mg  -0.022940619  0.15738911  0.120213717  0.03917919  0.235560865
Manganese_mg   0.084510628 -0.27542392 -0.069651518  0.05185340  0.136681020
Phosphorus_mg -0.211509501  0.16089580 -0.001203343  0.09608455  0.205031217
Selenium_mcg   0.036094930  0.09801910 -0.367285114 -0.08974557 -0.124447508
Zinc_mg       -0.001944729  0.17883625  0.023331249 -0.25267014  0.001987515
                      PC11        PC12        PC13        PC14        PC15         PC16
Energy_kcal   -0.077560629  0.04865225 -0.07001915  0.11254654 -0.12912643  0.141800510
Protein_g      0.088215213  0.08065224 -0.31141327 -0.20940123 -0.16313281 -0.341428635
Fat_g         -0.063065947  0.02926466 -0.04322588  0.07079385  0.14627821 -0.032111710
Carb_g        -0.072588387  0.04199739 -0.03517053  0.04907272 -0.02187917  0.128260690
Sugar_g        0.063702022 -0.05177303 -0.00234046 -0.01188734 -0.17391883 -0.151935326
Fiber_g        0.303576266  0.15435896 -0.51330043  0.09070034  0.47841493 -0.077316937
VitA_mcg       0.256793357  0.25105844 -0.08689163 -0.05897137 -0.15164465  0.009220794
VitB6_mg       0.035240235  0.08358379 -0.09051531  0.54198903 -0.19513272  0.378510960
VitB12_mcg     0.187395036 -0.25159293 -0.09780636  0.31269808  0.40550664 -0.203362314
VitC_mg       -0.236206284 -0.01402137 -0.25769779 -0.15491301 -0.01726557 -0.124216704
VitE_mg        0.066985759 -0.13261553  0.13891867 -0.19910554  0.01199913 -0.083632728
Folate_mcg    -0.188174770  0.30846266  0.12256622  0.17040091 -0.06386738 -0.239094056
Niacin_mg     -0.082529945 -0.10796055 -0.06002413 -0.03079341 -0.16588480  0.115338119
Riboflavin_mg -0.177148666 -0.18356829  0.16545636 -0.12319069  0.23048980 -0.166474799
Thiamin_mg    -0.332789008 -0.07507516  0.18359723 -0.21820204  0.22494259  0.053838963
Calcium_mg    -0.219501353 -0.22394102  0.06389515  0.10293433  0.06266505  0.277272633
Copper_mcg     0.138553890  0.08449720  0.19529200 -0.25854645  0.39197605  0.326510577
Iron_mg        0.556997213 -0.21388113  0.08220784 -0.36578469 -0.27642917  0.127971894
Magnesium_mg   0.005255468  0.33017217  0.14698817  0.08295380 -0.15306893 -0.063241769
Manganese_mg  -0.013691060 -0.62038315 -0.09384395  0.23633141 -0.21055118 -0.266432582
Phosphorus_mg -0.147699664  0.25257335  0.05915696 -0.05193543 -0.04568132 -0.375381808
Selenium_mcg  -0.268357126 -0.01920195 -0.55996185 -0.25153574 -0.08418546  0.304614665
Zinc_mg        0.249272151  0.06064699  0.21061146  0.19060803  0.05929774  0.002001257
                       PC17        PC18          PC19         PC20         PC21
Energy_kcal   -0.2042851227  0.16177491 -0.0005724124  0.162045217  0.033363202
Protein_g      0.3111422760  0.34440453 -0.1823909209  0.275074714  0.231075956
Fat_g          0.2743587464 -0.17991665  0.0905187330 -0.246067298 -0.074232972
Carb_g        -0.4344161861  0.15020750 -0.0889384660  0.314689275  0.096638465
Sugar_g        0.4028539913 -0.04742650 -0.0231815638 -0.212184206 -0.029751362
Fiber_g        0.0799195126 -0.07904501  0.0804855697  0.012248761 -0.089756903
VitA_mcg       0.0438073590 -0.10698068 -0.0697831933  0.097990902  0.045867995
VitB6_mg       0.1039234352  0.16801266 -0.1350140365 -0.146761800 -0.266864268
VitB12_mcg    -0.3224505375  0.12637608 -0.1165314369 -0.223922745  0.315426263
VitC_mg       -0.0730817409 -0.02297650 -0.0292757119  0.068806054 -0.008563576
VitE_mg       -0.1618578463  0.10513494 -0.0420847766  0.123199733  0.039545462
Folate_mcg     0.1227376389  0.08488309  0.0298300210 -0.047269071 -0.005010511
Niacin_mg      0.1367838601  0.26403519  0.2188045290  0.133143833  0.179892125
Riboflavin_mg -0.0000866006  0.01496994  0.6188089606  0.122808956 -0.248009449
Thiamin_mg     0.1059191441 -0.27882231 -0.5505932178 -0.101971632  0.205373726
Calcium_mg     0.1349400290  0.06454189  0.0030560789  0.037805071  0.064961891
Copper_mcg     0.1928491866  0.37393723 -0.0614825477 -0.040379128 -0.066717855
Iron_mg       -0.1753399900 -0.07358232 -0.0037065410 -0.275008537 -0.119680325
Magnesium_mg  -0.1417295611 -0.18591040  0.3156094209 -0.292676701  0.549095654
Manganese_mg   0.0631885852 -0.07774349 -0.0713891330  0.002905449 -0.042069883
Phosphorus_mg -0.3163771067  0.08294199 -0.2193751402 -0.167591011 -0.526782029
Selenium_mcg  -0.1377240242 -0.32239588  0.0941799328 -0.083082926 -0.047216275
Zinc_mg        0.0792315627 -0.51849730 -0.0629371379  0.589356119 -0.071943590
                      PC22         PC23
Energy_kcal   -0.146441181  0.593120250
Protein_g     -0.319653358 -0.161690525
Fat_g          0.142909537 -0.477242109
Carb_g         0.006684370 -0.563944014
Sugar_g        0.034029841  0.069682176
Fiber_g        0.067409594  0.161856155
VitA_mcg       0.035608270  0.050850617
VitB6_mg      -0.314567806 -0.138842619
VitB12_mcg     0.064502100  0.004686826
VitC_mg        0.011365992  0.016063376
VitE_mg       -0.066266652 -0.049878603
Folate_mcg     0.070246481  0.013709651
Niacin_mg      0.697810693  0.038032791
Riboflavin_mg -0.367074391 -0.017457591
Thiamin_mg    -0.116860394  0.086114431
Calcium_mg     0.089729903  0.075475004
Copper_mcg     0.013442346  0.002699916
Iron_mg       -0.016824652 -0.038577450
Magnesium_mg  -0.118204027  0.003340348
Manganese_mg  -0.007774527  0.014427756
Phosphorus_mg  0.255986770  0.050104629
Selenium_mcg  -0.019149275 -0.036128033
Zinc_mg        0.112191410  0.002405590
                       PC1         PC2          PC3         PC4           PC5
Energy_kcal    0.150119339 -0.03047658  0.572347164 -0.03720951  0.1300071562
Protein_g      0.256891877  0.23956295  0.074343514  0.13216424 -0.0829129321
Fat_g          0.114979685  0.13779409  0.514463478 -0.09907892  0.2876639795
Carb_g         0.001380964 -0.44380042  0.206019325  0.02732854 -0.1386759983
Sugar_g       -0.038926437 -0.33505010  0.209678259 -0.26909736 -0.0826553676
Fiber_g        0.036329846 -0.41088122  0.106598968  0.15359432 -0.1091013463
VitA_mcg       0.097345439 -0.10660699 -0.203189743 -0.48877866  0.2618450669
VitB6_mg       0.283511886  0.02655210 -0.141900580 -0.14246027 -0.1192365504
VitB12_mcg     0.203899790  0.27526006 -0.084118694 -0.30352155 -0.0374386186
VitC_mg       -0.012087581 -0.25936861 -0.342396296 -0.28084634  0.0205875942
VitE_mg        0.097376183 -0.08356709  0.099593123 -0.28104808  0.5376727790
Folate_mcg     0.201849840 -0.22614338 -0.159748012 -0.04688215  0.0639547014
Niacin_mg      0.294338566  0.07174708  0.013030432 -0.08395463 -0.2542373693
Riboflavin_mg  0.292815483 -0.02655692 -0.005659743 -0.20273016 -0.2239976576
Thiamin_mg     0.263032729 -0.12527291  0.091912597 -0.07042156 -0.2979572289
Calcium_mg     0.148573035 -0.20941005 -0.029124181 -0.04827423  0.1320770485
Copper_mcg     0.232833074 -0.08506843 -0.198123232  0.26595095  0.2952995299
Iron_mg        0.255886779 -0.12391727  0.065127069 -0.01043852 -0.2366658451
Magnesium_mg   0.270882614 -0.15129064 -0.058650490  0.27368020  0.0908521013
Manganese_mg   0.145469225 -0.24154482 -0.127315583  0.36836763  0.2777560651
Phosphorus_mg  0.299277691  0.06047325  0.034577676  0.14023650  0.0221377694
Selenium_mcg   0.240638848  0.20580229 -0.088748618  0.05711588  0.1660705622
Zinc_mg        0.297107939  0.12721240 -0.039524541  0.05825884 -0.0001702177
                       PC6         PC7          PC8         PC9         PC10
Energy_kcal   -0.013597054  0.20414896 -0.064112862  0.22977405 -0.025574283
Protein_g      0.170318979 -0.08203321 -0.062011339 -0.02276711  0.047656439
Fat_g          0.025144824  0.23261196 -0.284779667  0.10197585 -0.009583428
Carb_g         0.064712958  0.06044864  0.218325808  0.08572196 -0.067217023
Sugar_g        0.034765399 -0.38230598  0.431924967  0.32030445 -0.221988922
Fiber_g       -0.100135779 -0.08591696 -0.099976830 -0.26498396  0.069061519
VitA_mcg       0.248453391  0.45203143  0.161848641 -0.29220797 -0.236406037
VitB6_mg      -0.225936148 -0.12909615 -0.128328411 -0.09802440 -0.103511231
VitB12_mcg     0.099104751 -0.02770530  0.158119481  0.21539323  0.034235901
VitC_mg       -0.063738054 -0.01767446 -0.566429650  0.46397303 -0.146679172
VitE_mg       -0.403807959 -0.43187111 -0.062923466 -0.29124415  0.127992739
Folate_mcg    -0.151374053  0.21032348  0.173649012  0.15235113  0.699563382
Niacin_mg     -0.245913029  0.01768198 -0.037591338 -0.14848339 -0.116202679
Riboflavin_mg  0.028836323  0.10548560  0.091449704 -0.09111186 -0.101814996
Thiamin_mg    -0.173167016  0.13803638 -0.012095009 -0.20877730 -0.056522576
Calcium_mg     0.700849096 -0.26772761 -0.167274371 -0.16789846  0.242519820
Copper_mcg    -0.045443030  0.10704515  0.133125061  0.30526160 -0.195679996
Iron_mg        0.062112253  0.07567744 -0.183659700  0.10377658  0.295779827
Magnesium_mg   0.022940619 -0.15738911 -0.120213717 -0.03917919 -0.235560865
Manganese_mg  -0.084510628  0.27542392  0.069651518 -0.05185340 -0.136681020
Phosphorus_mg  0.211509501 -0.16089580  0.001203343 -0.09608455 -0.205031217
Selenium_mcg  -0.036094930 -0.09801910  0.367285114  0.08974557  0.124447508
Zinc_mg        0.001944729 -0.17883625 -0.023331249  0.25267014 -0.001987515
                      PC11        PC12        PC13        PC14        PC15         PC16
Energy_kcal    0.077560629 -0.04865225  0.07001915 -0.11254654  0.12912643 -0.141800510
Protein_g     -0.088215213 -0.08065224  0.31141327  0.20940123  0.16313281  0.341428635
Fat_g          0.063065947 -0.02926466  0.04322588 -0.07079385 -0.14627821  0.032111710
Carb_g         0.072588387 -0.04199739  0.03517053 -0.04907272  0.02187917 -0.128260690
Sugar_g       -0.063702022  0.05177303  0.00234046  0.01188734  0.17391883  0.151935326
Fiber_g       -0.303576266 -0.15435896  0.51330043 -0.09070034 -0.47841493  0.077316937
VitA_mcg      -0.256793357 -0.25105844  0.08689163  0.05897137  0.15164465 -0.009220794
VitB6_mg      -0.035240235 -0.08358379  0.09051531 -0.54198903  0.19513272 -0.378510960
VitB12_mcg    -0.187395036  0.25159293  0.09780636 -0.31269808 -0.40550664  0.203362314
VitC_mg        0.236206284  0.01402137  0.25769779  0.15491301  0.01726557  0.124216704
VitE_mg       -0.066985759  0.13261553 -0.13891867  0.19910554 -0.01199913  0.083632728
Folate_mcg     0.188174770 -0.30846266 -0.12256622 -0.17040091  0.06386738  0.239094056
Niacin_mg      0.082529945  0.10796055  0.06002413  0.03079341  0.16588480 -0.115338119
Riboflavin_mg  0.177148666  0.18356829 -0.16545636  0.12319069 -0.23048980  0.166474799
Thiamin_mg     0.332789008  0.07507516 -0.18359723  0.21820204 -0.22494259 -0.053838963
Calcium_mg     0.219501353  0.22394102 -0.06389515 -0.10293433 -0.06266505 -0.277272633
Copper_mcg    -0.138553890 -0.08449720 -0.19529200  0.25854645 -0.39197605 -0.326510577
Iron_mg       -0.556997213  0.21388113 -0.08220784  0.36578469  0.27642917 -0.127971894
Magnesium_mg  -0.005255468 -0.33017217 -0.14698817 -0.08295380  0.15306893  0.063241769
Manganese_mg   0.013691060  0.62038315  0.09384395 -0.23633141  0.21055118  0.266432582
Phosphorus_mg  0.147699664 -0.25257335 -0.05915696  0.05193543  0.04568132  0.375381808
Selenium_mcg   0.268357126  0.01920195  0.55996185  0.25153574  0.08418546 -0.304614665
Zinc_mg       -0.249272151 -0.06064699 -0.21061146 -0.19060803 -0.05929774 -0.002001257
                       PC17        PC18          PC19         PC20         PC21
Energy_kcal    0.2042851227 -0.16177491  0.0005724124 -0.162045217 -0.033363202
Protein_g     -0.3111422760 -0.34440453  0.1823909209 -0.275074714 -0.231075956
Fat_g         -0.2743587464  0.17991665 -0.0905187330  0.246067298  0.074232972
Carb_g         0.4344161861 -0.15020750  0.0889384660 -0.314689275 -0.096638465
Sugar_g       -0.4028539913  0.04742650  0.0231815638  0.212184206  0.029751362
Fiber_g       -0.0799195126  0.07904501 -0.0804855697 -0.012248761  0.089756903
VitA_mcg      -0.0438073590  0.10698068  0.0697831933 -0.097990902 -0.045867995
VitB6_mg      -0.1039234352 -0.16801266  0.1350140365  0.146761800  0.266864268
VitB12_mcg     0.3224505375 -0.12637608  0.1165314369  0.223922745 -0.315426263
VitC_mg        0.0730817409  0.02297650  0.0292757119 -0.068806054  0.008563576
VitE_mg        0.1618578463 -0.10513494  0.0420847766 -0.123199733 -0.039545462
Folate_mcg    -0.1227376389 -0.08488309 -0.0298300210  0.047269071  0.005010511
Niacin_mg     -0.1367838601 -0.26403519 -0.2188045290 -0.133143833 -0.179892125
Riboflavin_mg  0.0000866006 -0.01496994 -0.6188089606 -0.122808956  0.248009449
Thiamin_mg    -0.1059191441  0.27882231  0.5505932178  0.101971632 -0.205373726
Calcium_mg    -0.1349400290 -0.06454189 -0.0030560789 -0.037805071 -0.064961891
Copper_mcg    -0.1928491866 -0.37393723  0.0614825477  0.040379128  0.066717855
Iron_mg        0.1753399900  0.07358232  0.0037065410  0.275008537  0.119680325
Magnesium_mg   0.1417295611  0.18591040 -0.3156094209  0.292676701 -0.549095654
Manganese_mg  -0.0631885852  0.07774349  0.0713891330 -0.002905449  0.042069883
Phosphorus_mg  0.3163771067 -0.08294199  0.2193751402  0.167591011  0.526782029
Selenium_mcg   0.1377240242  0.32239588 -0.0941799328  0.083082926  0.047216275
Zinc_mg       -0.0792315627  0.51849730  0.0629371379 -0.589356119  0.071943590
                      PC22         PC23
Energy_kcal    0.146441181 -0.593120250
Protein_g      0.319653358  0.161690525
Fat_g         -0.142909537  0.477242109
Carb_g        -0.006684370  0.563944014
Sugar_g       -0.034029841 -0.069682176
Fiber_g       -0.067409594 -0.161856155
VitA_mcg      -0.035608270 -0.050850617
VitB6_mg       0.314567806  0.138842619
VitB12_mcg    -0.064502100 -0.004686826
VitC_mg       -0.011365992 -0.016063376
VitE_mg        0.066266652  0.049878603
Folate_mcg    -0.070246481 -0.013709651
Niacin_mg     -0.697810693 -0.038032791
Riboflavin_mg  0.367074391  0.017457591
Thiamin_mg     0.116860394 -0.086114431
Calcium_mg    -0.089729903 -0.075475004
Copper_mcg    -0.013442346 -0.002699916
Iron_mg        0.016824652  0.038577450
Magnesium_mg   0.118204027 -0.003340348
Manganese_mg   0.007774527 -0.014427756
Phosphorus_mg -0.255986770 -0.050104629
Selenium_mcg   0.019149275  0.036128033
Zinc_mg       -0.112191410 -0.002405590
Importance of components:
                          PC1    PC2     PC3     PC4     PC5     PC6     PC7     PC8
Standard deviation     2.8339 1.9554 1.42845 1.20670 1.16141 0.94899 0.83328 0.78742
Proportion of Variance 0.3492 0.1663 0.08872 0.06331 0.05865 0.03916 0.03019 0.02696
Cumulative Proportion  0.3492 0.5154 0.60415 0.66746 0.72610 0.76526 0.79545 0.82241
                           PC9    PC10    PC11    PC12    PC13    PC14    PC15    PC16
Standard deviation     0.71797 0.70991 0.68390 0.61641 0.58064 0.57300 0.50804 0.49040
Proportion of Variance 0.02241 0.02191 0.02034 0.01652 0.01466 0.01428 0.01122 0.01046
Cumulative Proportion  0.84482 0.86673 0.88707 0.90359 0.91824 0.93252 0.94374 0.95420
                          PC17    PC18    PC19    PC20    PC21    PC22    PC23
Standard deviation     0.45888 0.43902 0.42375 0.38409 0.36158 0.35291 0.26034
Proportion of Variance 0.00916 0.00838 0.00781 0.00641 0.00568 0.00542 0.00295
Cumulative Proportion  0.96335 0.97173 0.97954 0.98595 0.99164 0.99705 1.00000
 [1] 8.03125299 3.82366244 2.04045556 1.45612651 1.34887638 0.90058306 0.69436179
 [8] 0.62002392 0.51547880 0.50397242 0.46771374 0.37995712 0.33714666 0.32833256
[15] 0.25810285 0.24049404 0.21056730 0.19273951 0.17956049 0.14752888 0.13073792
[22] 0.12454881 0.06777625
 [1] 0.349184913 0.166246193 0.088715459 0.063309848 0.058646799 0.039155785 0.030189643
 [8] 0.026957562 0.022412122 0.021911844 0.020335380 0.016519875 0.014658550 0.014275328
[15] 0.011221863 0.010456263 0.009155100 0.008379979 0.007806978 0.006414299 0.005684257
[22] 0.005415166 0.002946794
 [1] 0.3491849 0.5154311 0.6041466 0.6674564 0.7261032 0.7652590 0.7954486 0.8224062
 [9] 0.8448183 0.8667302 0.8870655 0.9035854 0.9182440 0.9325193 0.9437412 0.9541974
[17] 0.9633525 0.9717325 0.9795395 0.9859538 0.9916380 0.9970532 1.0000000
Error in install.packages : Updating loaded packages

 Parallel Analysis Results  
 
Method: pca 
Number of variables: 23 
Sample size: 8618 
Number of correlation matrices: 100 
Seed: 1234 
Percentile: 0.95 
 
Compare your observed eigenvalues from your original dataset to the 95 percentile in the table below generated using random data. If your eigenvalue is greater than the percentile indicated (not the mean), you have support to retain that factor/component. 
 
 Component  Mean  0.95
         1 1.093 1.105
         2 1.079 1.088
         3 1.068 1.076
         4 1.058 1.064
         5 1.051 1.057
         6 1.042 1.049
         7 1.034 1.040
         8 1.027 1.033
         9 1.019 1.025
        10 1.013 1.019
        11 1.006 1.012
        12 0.999 1.005
        13 0.992 0.998
        14 0.985 0.991
        15 0.978 0.984
        16 0.972 0.977
        17 0.964 0.971
        18 0.958 0.964
        19 0.950 0.957
        20 0.942 0.949
        21 0.934 0.942
        22 0.924 0.932
        23 0.911 0.922
   Component  Mean  0.95
1          1 1.093 1.105
2          2 1.079 1.088
3          3 1.068 1.076
4          4 1.058 1.064
5          5 1.051 1.057
6          6 1.042 1.049
7          7 1.034 1.040
8          8 1.027 1.033
9          9 1.019 1.025
10        10 1.013 1.019
11        11 1.006 1.012
12        12 0.999 1.005
13        13 0.992 0.998
14        14 0.985 0.991
15        15 0.978 0.984
16        16 0.972 0.977
17        17 0.964 0.971
18        18 0.958 0.964
19        19 0.950 0.957
20        20 0.942 0.949
21        21 0.934 0.942
22        22 0.924 0.932
23        23 0.911 0.922
